18.517797 0 -8.216172 3 
10.965545 8 5.332144 5 
1.421975 4 -12.123416 2 
18.899800 -8 13.903611 -2 
12.327188 -10 -9.072271 -2 
2.052188 -4 -2.509576 0 
8.876050 3 16.130061 0 
-12.374662 -5 -16.863698 -1 
4.605670 9 -3.412902 -6 
-14.041704 8 10.291867 -6 
15.016492 3 -6.714227 -6 
-0.005801 -5 -14.280470 -5 
-12.721128 -7 -15.061280 5 
-15.113799 -2 -19.634996 8 
17.616428 8 0.825396 -4 
-16.539880 10 18.763760 4 
17.742369 2 -15.831633 7 
-6.197401 8 8.689902 -8 
8.072629 -9 5.236029 -1 
-19.164853 -9 7.532420 5 
-18.712499 3 7.892342 5 
17.363895 -4 14.173572 0 
8.784258 -9 -13.267568 10 
16.017925 3 -0.584331 5 
9.963757 6 -10.927733 -3 
-1.546916 -4 -13.546636 3 
-8.249453 8 -2.539339 2 
-17.294226 7 7.248828 7 
-17.928622 -6 -18.562859 -2 
19.009852 -6 19.445125 7 
-12.818521 7 8.606365 8 
0.352908 5 -9.562086 -9 
19.703348 -2 3.358069 0 
-12.719199 6 13.858764 -7 
15.348207 9 -9.130100 -1 
8.989173 -9 13.065713 -1 
-2.431377 -1 -19.138605 -7 
-16.160479 -6 -11.530912 8 
19.762380 4 15.821222 0 
-12.043749 4 2.124319 2 
15.566550 -7 -8.516817 0 
17.837012 7 -11.667145 0 
-17.057336 -2 18.389985 -8 
-11.660675 -5 2.651566 0 
12.772842 -3 -3.091610 4 
-16.869726 -1 -8.822391 2 
2.610958 -1 0.278920 7 
-17.456213 -3 8.770962 3 
10.547937 5 10.777756 -1 
-3.578159 1 -14.428937 -9 
1.324560 7 10.469168 -9 
-6.592346 -5 8.928209 2 
4.470848 -9 17.547670 3 
8.641371 -9 -11.647402 10 
0.738226 9 -13.472707 3 
2.934187 8 -9.167569 7 
-18.792009 -1 -6.635167 -4 
4.625220 -8 -19.152582 -7 
-0.223980 -2 -12.540717 4 
-14.408915 8 -9.575089 -9 
-11.865027 6 -4.334950 3 
-16.726439 -6 -13.476756 -1 
-12.112649 7 -2.206906 -6 
-6.168548 -4 18.823786 3 
16.871812 -2 4.394577 -7 
-12.353695 0 18.668565 -4 
3.023648 8 -2.331642 1 
8.649523 9 -15.688647 8 
5.031760 2 -9.021860 -7 
14.819235 -10 -19.744522 -8 
5.202065 -1 -6.013365 2 
-18.457387 -9 16.250408 -8 
-19.031531 -7 -9.568041 -2 
-13.697270 -2 -9.062837 -8 
-5.128511 -5 -8.105273 1 
-18.983651 0 13.677930 -3 
5.650318 4 2.515464 9 
-7.139174 -6 -16.522995 9 
-10.125939 -4 10.005651 7 
18.723419 -1 -10.570688 -5 
1.797961 0 -17.373081 6 
-9.333265 6 -0.628953 -3 
6.922126 3 2.515263 -7 
19.124051 8 3.022881 -2 
-8.665062 6 -15.487373 -4 
-2.968988 -6 7.137107 3 
-13.664072 -1 9.689425 3 
-16.906639 -9 19.919476 -2 
-15.624777 -8 14.914353 -6 
-12.239218 0 -7.766883 1 
-18.809966 -2 17.356544 -2 
