0.00 800.00
13.20 800.20
26.40 800.40
39.60 800.59
52.80 800.79
66.00 800.99
79.20 801.19
92.40 801.39
105.60 801.58
118.80 801.78
132.00 801.98
145.20 802.18
158.40 802.38
171.60 802.57
184.80 802.77
198.00 802.97
211.20 803.17
224.40 803.37
237.60 803.56
250.80 803.76
264.00 803.96
277.20 804.16
290.40 804.36
303.60 804.55
316.80 804.75
330.00 804.95
343.20 805.15
356.40 805.35
369.60 805.54
382.80 805.74
396.00 805.94
409.20 806.14
422.40 806.34
435.60 806.53
448.80 806.73
462.00 806.93
475.20 807.13
488.40 807.33
501.60 807.52
514.80 807.72
528.00 807.92
541.20 808.12
554.40 808.32
567.60 808.51
580.80 808.71
594.00 808.91
607.20 809.11
620.40 809.31
633.60 809.50
646.80 809.70
660.00 809.90
673.20 810.10
686.40 810.30
699.60 810.49
712.80 810.69
726.00 810.89
739.20 811.09
752.40 811.29
765.60 811.48
778.80 811.68
792.00 811.88
805.20 812.08
818.40 812.28
831.60 812.47
844.80 812.67
858.00 812.87
871.20 813.07
884.40 813.27
897.60 813.46
910.80 813.66
924.00 813.86
937.20 814.06
950.40 814.26
963.60 814.45
976.80 814.65
990.00 814.85
1003.20 815.05
1016.40 815.25
1029.60 815.44
1042.80 815.64
1056.00 815.84
1069.20 816.04
1082.40 816.24
1095.60 816.43
1108.80 816.63
1122.00 816.83
1135.20 817.03
1148.40 817.23
1161.60 817.42
1174.80 817.62
1188.00 817.82
1201.20 818.02
1214.40 818.22
1227.60 818.41
1240.80 818.61
1254.00 818.81
1267.20 819.01
1280.40 819.21
1293.60 819.40
1306.80 819.60
1320.00 819.80
1333.20 820.00
1346.40 820.20
1359.60 820.39
1372.80 820.59
1386.00 820.79
1399.20 820.99
1412.40 821.19
1425.60 821.38
1438.80 821.58
1452.00 821.78
1465.20 821.98
1478.40 822.18
1491.60 822.37
1504.80 822.57
1518.00 822.77
1531.20 822.97
1544.40 823.17
1557.60 823.36
1570.80 823.56
1584.00 823.76
1597.20 823.96
1610.40 824.16
1623.60 824.35
1636.80 824.55
1650.00 824.75
1663.20 824.95
1676.40 825.15
1689.60 825.34
1702.80 825.54
1716.00 825.74
1729.20 825.94
1742.40 826.14
1755.60 826.33
1768.80 826.53
1782.00 826.73
1795.20 826.93
1808.40 827.13
1821.60 827.32
1834.80 827.52
1848.00 827.72
1861.20 827.92
1874.40 828.12
1887.60 828.31
1900.80 828.51
1914.00 828.71
1927.20 828.91
1940.40 829.11
1953.60 829.30
1966.80 829.50
1980.00 829.70
1993.20 829.90
2006.40 830.12
2019.60 830.31
2032.80 830.51
2046.00 830.70
2059.20 830.89
2072.40 831.08
2085.60 831.27
2098.80 831.46
2112.00 831.65
2125.20 831.83
2138.40 832.02
2151.60 832.20
2164.80 832.38
2178.00 832.56
2191.20 832.73
2204.40 832.91
2217.60 833.08
2230.80 833.25
2244.00 833.42
2257.20 833.59
2270.40 833.76
2283.60 833.93
2296.80 834.09
2310.00 834.26
2323.20 834.42
2336.40 834.58
2349.60 834.74
2362.80 834.89
2376.00 835.05
2389.20 835.20
2402.40 835.36
2415.60 835.51
2428.80 835.66
2442.00 835.81
2455.20 835.95
2468.40 836.10
2481.60 836.24
2494.80 836.38
2508.00 836.52
2521.20 836.66
2534.40 836.80
2547.60 836.93
2560.80 837.07
2574.00 837.20
2587.20 837.33
2600.40 837.46
2613.60 837.59
2626.80 837.72
2640.00 837.84
2653.20 837.97
2666.40 838.09
2679.60 838.21
2692.80 838.33
2706.00 838.45
2719.20 838.56
2732.40 838.68
2745.60 838.79
2758.80 838.90
2772.00 839.01
2785.20 839.12
2798.40 839.23
2811.60 839.33
2824.80 839.44
2838.00 839.54
2851.20 839.64
2864.40 839.74
2877.60 839.84
2890.80 839.93
2904.00 840.03
2917.20 840.12
2930.40 840.21
2943.60 840.30
2956.80 840.39
2970.00 840.48
2983.20 840.56
2996.40 840.65
3009.60 840.73
3022.80 840.81
3036.00 840.89
3049.20 840.97
3062.40 841.04
3075.60 841.12
3088.80 841.19
3102.00 841.27
3115.20 841.34
3128.40 841.40
3141.60 841.47
3154.80 841.54
3168.00 841.60
3181.20 841.66
3194.40 841.73
3207.60 841.79
3220.80 841.84
3234.00 841.90
3247.20 841.96
3260.40 842.01
3273.60 842.06
3286.80 842.11
3300.00 842.16
3313.20 842.21
3326.40 842.25
3339.60 842.30
3352.80 842.34
3366.00 842.38
3379.20 842.42
3392.40 842.46
3405.60 842.50
3418.80 842.53
3432.00 842.57
3445.20 842.60
3458.40 842.63
3471.60 842.66
3484.80 842.69
3498.00 842.71
3511.20 842.74
3524.40 842.76
3537.60 842.78
3550.80 842.80
3564.00 842.82
3577.20 842.84
3590.40 842.85
3603.60 842.87
3616.80 842.88
3630.00 842.89
3643.20 842.90
3656.40 842.91
3669.60 842.92
3682.80 842.92
3696.00 842.92
3709.20 842.93
3722.40 842.93
3735.60 842.92
3748.80 842.92
3762.00 842.92
3775.20 842.91
3788.40 842.90
3801.60 842.90
3814.80 842.89
3828.00 842.87
3841.20 842.86
3854.40 842.85
3867.60 842.83
3880.80 842.81
3894.00 842.79
3907.20 842.77
3920.40 842.75
3933.60 842.72
3946.80 842.70
3960.00 842.67
3973.20 842.64
3986.40 842.61
3999.60 842.58
4012.80 842.55
4026.00 842.51
4039.20 842.48
4052.40 842.44
4065.60 842.40
4078.80 842.36
4092.00 842.32
4105.20 842.27
4118.40 842.23
4131.60 842.18
4144.80 842.13
4158.00 842.08
4171.20 842.03
4184.40 841.98
4197.60 841.92
4210.80 841.87
4224.00 841.81
4237.20 841.75
4250.40 841.69
4263.60 841.63
4276.80 841.56
4290.00 841.50
4303.20 841.43
4316.40 841.36
4329.60 841.29
4342.80 841.22
4356.00 841.15
4369.20 841.08
4382.40 841.00
4395.60 840.92
4408.80 840.84
4422.00 840.76
4435.20 840.68
4448.40 840.60
4461.60 840.51
4474.80 840.43
4488.00 840.34
4501.20 840.25
4514.40 840.16
4527.60 840.07
4540.80 839.97
4554.00 839.88
4567.20 839.78
4580.40 839.68
4593.60 839.58
4606.80 839.48
4620.00 839.37
4633.20 839.27
4646.40 839.16
4659.60 839.06
4672.80 838.95
4686.00 838.84
4699.20 838.72
4712.40 838.61
4725.60 838.49
4738.80 838.38
4752.00 838.26
4765.20 838.14
4778.40 838.02
4791.60 837.89
4804.80 837.77
4818.00 837.64
4831.20 837.52
4844.40 837.39
4857.60 837.26
4870.80 837.12
4884.00 836.99
4897.20 836.86
4910.40 836.72
4923.60 836.58
4936.80 836.44
4950.00 836.30
4963.20 836.16
4976.40 836.01
4989.60 835.87
5002.80 835.72
5016.00 835.57
5029.20 835.42
5042.40 835.27
5055.60 835.11
5068.80 834.96
5082.00 834.80
5095.20 834.64
5108.40 834.48
5121.60 834.32
5134.80 834.16
5148.00 834.00
5161.20 833.83
5174.40 833.66
5187.60 833.50
5200.80 833.32
5214.00 833.15
5227.20 832.98
5240.40 832.80
5253.60 832.63
5266.80 832.45
5280.00 832.27
5293.20 832.09
5306.40 831.91
5319.60 831.72
5332.80 831.54
5346.00 831.35
5359.20 831.16
5372.40 830.97
5385.60 830.78
5398.80 830.59
5412.00 830.39
5425.20 830.20
5438.40 830.00
5451.60 829.80
5464.80 829.60
5478.00 829.40
5491.20 829.19
5504.40 828.99
5517.60 828.78
5530.80 828.57
5544.00 828.36
5557.20 828.15
5570.40 827.94
5583.60 827.73
5596.80 827.51
5610.00 827.29
5623.20 827.07
5636.40 826.85
5649.60 826.63
5662.80 826.41
5676.00 826.18
5689.20 825.96
5702.40 825.73
5715.60 825.50
5728.80 825.27
5742.00 825.03
5755.20 824.80
5768.40 824.56
5781.60 824.33
5794.80 824.09
5808.00 823.85
5821.20 823.61
5834.40 823.36
5847.60 823.12
5860.80 822.87
5874.00 822.62
5887.20 822.37
5900.40 822.12
5913.60 821.87
5926.80 821.62
5940.00 821.36
5953.20 821.10
5966.40 820.85
5979.60 820.58
5992.80 820.32
6006.00 579.88
6019.20 579.62
6032.40 579.35
6045.60 579.09
6058.80 578.82
6072.00 578.56
6085.20 578.30
6098.40 578.03
6111.60 577.77
6124.80 577.50
6138.00 577.24
6151.20 576.98
6164.40 576.71
6177.60 576.45
6190.80 576.18
6204.00 575.92
6217.20 575.66
6230.40 575.39
6243.60 575.13
6256.80 574.86
6270.00 574.60
6283.20 574.34
6296.40 574.07
6309.60 573.81
6322.80 573.54
6336.00 573.28
6349.20 573.02
6362.40 572.75
6375.60 572.49
6388.80 572.22
6402.00 571.96
6415.20 571.70
6428.40 571.43
6441.60 571.17
6454.80 570.90
6468.00 570.64
6481.20 570.38
6494.40 570.11
6507.60 569.85
6520.80 569.58
6534.00 569.32
6547.20 569.06
6560.40 568.79
6573.60 568.53
6586.80 568.26
6600.00 568.00
6613.20 567.74
6626.40 567.47
6639.60 567.21
6652.80 566.94
6666.00 566.68
6679.20 566.42
6692.40 566.15
6705.60 565.89
6718.80 565.62
6732.00 565.36
6745.20 565.10
6758.40 564.83
6771.60 564.57
6784.80 564.30
6798.00 564.04
6811.20 563.78
6824.40 563.51
6837.60 563.25
6850.80 562.98
6864.00 562.72
6877.20 562.46
6890.40 562.19
6903.60 561.93
6916.80 561.66
6930.00 561.40
6943.20 561.14
6956.40 560.87
6969.60 560.61
6982.80 560.34
6996.00 560.08
7009.20 559.82
7022.40 559.55
7035.60 559.29
7048.80 559.02
7062.00 558.76
7075.20 558.50
7088.40 558.23
7101.60 557.97
7114.80 557.70
7128.00 557.44
7141.20 557.18
7154.40 556.91
7167.60 556.65
7180.80 556.38
7194.00 556.12
7207.20 555.86
7220.40 555.59
7233.60 555.33
7246.80 555.06
7260.00 554.80
7273.20 554.54
7286.40 554.27
7299.60 554.01
7312.80 553.74
7326.00 553.48
7339.20 553.22
7352.40 552.95
7365.60 552.69
7378.80 552.42
7392.00 552.16
7405.20 551.90
7418.40 551.63
7431.60 551.37
7444.80 551.10
7458.00 550.84
7471.20 550.58
7484.40 550.31
7497.60 550.05
7510.80 549.78
7524.00 549.52
7537.20 549.26
7550.40 548.99
7563.60 548.73
7576.80 548.46
7590.00 548.20
7603.20 547.94
7616.40 547.67
7629.60 547.41
7642.80 547.14
7656.00 546.88
7669.20 546.62
7682.40 546.35
7695.60 546.09
7708.80 545.82
7722.00 545.56
7735.20 545.30
7748.40 545.03
7761.60 544.77
7774.80 544.50
7788.00 544.24
7801.20 543.98
7814.40 543.71
7827.60 543.45
7840.80 543.18
7854.00 542.92
7867.20 542.66
7880.40 542.39
7893.60 542.13
7906.80 541.86
7920.00 541.60
7933.20 541.34
7946.40 541.07
7959.60 540.81
7972.80 540.54
7986.00 540.28
7999.20 540.02
8000.00 540.00
